1 1 0
1 2 530
1 3 1158
1 4 772
1 5 483
1 6 332
1 7 1217
1 8 364
1 9 616
1 10 629
1 11 1249
1 12 540
1 13 457
1 14 1238
1 15 948
1 16 575
1 17 1488
1 18 1134
1 19 817
1 20 671
1 21 320
1 22 1422
1 23 864
1 24 282
1 25 979
1 26 757
1 27 460
1 28 186
1 29 820
2 1 530
2 2 0
2 3 730
2 4 573
2 5 389
2 6 573
2 7 1435
2 8 861
2 9 621
2 10 359
2 11 1130
2 12 837
2 13 467
2 14 967
2 15 769
2 16 796
2 17 1142
2 18 818
2 19 820
2 20 273
2 21 228
2 22 1168
2 23 1281
2 24 650
2 25 1086
2 26 490
2 27 864
2 28 678
2 29 419
3 1 1158
3 2 730
3 3 0
3 4 1218
3 5 713
3 6 990
3 7 2160
3 8 1521
3 9 769
3 10 1028
3 11 1735
3 12 1149
3 13 1195
3 14 1467
3 15 1386
3 16 1526
3 17 1512
3 18 1300
3 19 1516
3 20 890
3 21 852
3 22 1652
3 23 1991
3 24 1355
3 25 1797
3 26 452
3 27 1570
3 28 1233
3 29 338
4 1 772
4 2 573
4 3 1218
4 4 0
4 5 930
4 6 1010
4 7 1006
4 8 910
4 9 1161
4 10 214
4 11 557
4 12 1271
4 13 326
4 14 466
4 15 200
4 16 539
4 17 728
4 18 376
4 19 326
4 20 331
4 21 675
4 22 654
4 23 1099
4 24 648
4 25 614
4 26 1062
4 27 779
4 28 957
4 29 963
5 1 483
5 2 389
5 3 713
5 4 930
5 5 0
5 6 283
5 7 1648
5 8 841
5 9 233
5 10 721
5 11 1483
5 12 499
5 13 724
5 14 1351
5 15 1130
5 16 985
5 17 1531
5 18 1205
5 19 1118
5 20 660
5 21 272
5 22 1552
5 23 1346
5 24 736
5 25 1349
5 26 279
5 27 936
5 28 524
5 29 393
6 1 332
6 2 573
6 3 990
6 4 1010
6 5 283
6 6 0
6 7 1549
6 8 637
6 9 306
6 10 825
6 11 1532
6 12 269
6 13 732
6 14 1465
6 15 1203
6 16 905
6 17 1682
6 18 1338
6 19 1120
6 20 810
6 21 361
6 22 1660
6 23 1160
6 24 615
6 25 1304
6 26 543
6 27 779
6 28 280
6 29 676
7 1 1217
7 2 1435
7 3 2160
7 4 1006
7 5 1648
7 6 1549
7 7 0
7 8 993
7 9 1825
7 10 1149
7 11 816
7 12 1718
7 13 969
7 14 1141
7 15 934
7 16 663
7 17 1421
7 18 1208
7 19 680
7 20 1293
7 21 1388
7 22 1170
7 23 620
7 24 935
7 25 396
7 26 1880
7 27 793
7 28 1319
7 29 1853
8 1 364
8 2 861
8 3 1521
8 4 910
8 5 841
8 6 637
8 7 993
8 8 0
8 9 942
8 10 843
8 11 1261
8 12 742
8 13 595
8 14 1351
8 15 1039
8 16 479
8 17 1634
8 18 1286
8 19 815
8 20 931
8 21 675
8 22 1509
8 23 524
8 24 264
8 25 866
8 26 1118
8 27 212
8 28 362
8 29 1183
9 1 616
9 2 621
9 3 769
9 4 1161
9 5 233
9 6 306
9 7 1825
9 8 942
9 9 0
9 10 953
9 11 1711
9 12 382
9 13 937
9 14 1585
9 15 1361
9 16 1168
9 17 1761
9 18 1438
9 19 1334
9 20 893
9 21 492
9 22 1785
9 23 1464
9 24 894
9 25 1550
9 26 327
9 27 1074
9 28 586
9 29 513
10 1 629
10 2 359
10 3 1028
10 4 214
10 5 721
10 6 825
10 7 1149
10 8 843
10 9 953
10 10 0
10 11 771
10 12 1092
10 13 262
10 14 642
10 15 412
10 16 581
10 17 865
10 18 515
10 19 488
10 20 144
10 21 475
10 22 839
10 23 1132
10 24 582
10 25 772
10 26 849
10 27 758
10 28 814
10 29 756
11 1 1249
11 2 1130
11 3 1735
11 4 557
11 5 1483
11 6 1532
11 7 816
11 8 1261
11 9 1711
11 10 771
11 11 0
11 12 1781
11 13 801
11 14 362
11 15 361
11 16 785
11 17 611
11 18 490
11 19 447
11 20 876
11 21 1220
11 22 354
11 23 1215
11 24 1039
11 25 501
11 26 1618
11 27 1068
11 28 1423
11 29 1508
12 1 540
12 2 837
12 3 1149
12 4 1271
12 5 499
12 6 269
12 7 1718
12 8 742
12 9 382
12 10 1092
12 11 1781
12 12 0
12 13 981
12 14 1731
12 15 1462
12 16 1105
12 17 1951
12 18 1606
12 19 1356
12 20 1079
12 21 630
12 22 1924
12 23 1254
12 24 805
12 25 1514
12 26 701
12 27 927
12 28 400
12 29 871
13 1 457
13 2 467
13 3 1195
13 4 326
13 5 724
13 6 732
13 7 969
13 8 595
13 9 937
13 10 262
13 11 801
13 12 981
13 13 0
13 14 788
13 15 492
13 16 340
13 17 1054
13 18 700
13 19 396
13 20 383
13 21 452
13 22 967
13 23 876
13 24 331
13 25 631
13 26 924
13 27 496
13 28 640
13 29 884
14 1 1238
14 2 967
14 3 1467
14 4 466
14 5 1351
14 6 1465
14 7 1141
14 8 1351
14 9 1585
14 10 642
14 11 362
14 12 1731
14 13 788
14 14 0
14 15 312
14 16 918
14 17 301
14 18 168
14 19 586
14 20 695
14 21 1117
14 22 201
14 23 1435
14 24 1097
14 25 775
14 26 1430
14 27 1192
14 28 1424
14 29 1289
15 1 948
15 2 769
15 3 1386
15 4 200
15 5 1130
15 6 1203
15 7 934
15 8 1039
15 9 1361
15 10 412
15 11 361
15 12 1462
15 13 492
15 14 312
15 15 0
15 16 609
15 17 605
15 18 293
15 19 294
15 20 515
15 21 874
15 22 477
15 23 1142
15 24 787
15 25 541
15 26 1257
15 27 880
15 28 1131
15 29 1148
16 1 575
16 2 796
16 3 1526
16 4 539
16 5 985
16 6 905
16 7 663
16 8 479
16 9 1168
16 10 581
16 11 785
16 12 1105
16 13 340
16 14 918
16 15 609
16 16 0
16 17 1214
16 18 888
16 19 347
16 20 716
16 21 726
16 22 1056
16 23 561
16 24 301
16 25 410
16 26 1220
16 27 284
16 28 710
16 29 1206
17 1 1488
17 2 1142
17 3 1512
17 4 728
17 5 1531
17 6 1682
17 7 1421
17 8 1634
17 9 1761
17 10 865
17 11 611
17 12 1951
17 13 1054
17 14 301
17 15 605
17 16 1214
17 17 0
17 18 355
17 19 886
17 20 877
17 21 1324
17 22 275
17 23 1736
17 24 1374
17 25 1069
17 26 1562
17 27 1484
17 28 1674
17 29 1396
18 1 1134
18 2 818
18 3 1300
18 4 376
18 5 1205
18 6 1338
18 7 1208
18 8 1286
18 9 1438
18 10 515
18 11 490
18 12 1606
18 13 700
18 14 168
18 15 293
18 16 888
18 17 355
18 18 0
18 19 587
18 20 546
18 21 982
18 22 361
18 23 1431
18 24 1024
18 25 823
18 26 1270
18 27 1146
18 28 1320
18 29 1124
19 1 817
19 2 820
19 3 1516
19 4 326
19 5 1118
19 6 1120
19 7 680
19 8 815
19 9 1334
19 10 488
19 11 447
19 12 1356
19 13 396
19 14 586
19 15 294
19 16 347
19 17 886
19 18 587
19 19 0
19 20 629
19 21 846
19 22 711
19 23 851
19 24 592
19 25 288
19 26 1302
19 27 630
19 28 985
19 29 1234
20 1 671
20 2 273
20 3 890
20 4 331
20 5 660
20 6 810
20 7 1293
20 8 931
20 9 893
20 10 144
20 11 876
20 12 1079
20 13 383
20 14 695
20 15 515
20 16 716
20 17 877
20 18 546
20 19 629
20 20 0
20 21 449
20 22 896
20 23 1259
20 24 679
20 25 914
20 26 747
20 27 871
20 28 848
20 29 633
21 1 320
21 2 228
21 3 852
21 4 675
21 5 272
21 6 361
21 7 1388
21 8 675
21 9 492
21 10 475
21 11 1220
21 12 630
21 13 452
21 14 1117
21 15 874
21 16 726
21 17 1324
21 18 982
21 19 846
21 20 449
21 21 0
21 22 1315
21 23 1141
21 24 508
21 25 1078
21 26 495
21 27 721
21 28 452
21 29 515
22 1 1422
22 2 1168
22 3 1652
22 4 654
22 5 1552
22 6 1660
22 7 1170
22 8 1509
22 9 1785
22 10 839
22 11 354
22 12 1924
22 13 967
22 14 201
22 15 477
22 16 1056
22 17 275
22 18 361
22 19 711
22 20 896
22 21 1315
22 22 0
22 23 1540
22 24 1262
22 25 842
22 26 1630
22 27 1337
22 28 1607
22 29 1486
23 1 864
23 2 1281
23 3 1991
23 4 1099
23 5 1346
23 6 1160
23 7 620
23 8 524
23 9 1464
23 10 1132
23 11 1215
23 12 1254
23 13 876
23 14 1435
23 15 1142
23 16 561
23 17 1736
23 18 1431
23 19 851
23 20 1259
23 21 1141
23 22 1540
23 23 0
23 24 636
23 25 718
23 26 1617
23 27 420
23 28 886
23 29 1655
24 1 282
24 2 650
24 3 1355
24 4 648
24 5 736
24 6 615
24 7 935
24 8 264
24 9 894
24 10 582
24 11 1039
24 12 805
24 13 331
24 14 1097
24 15 787
24 16 301
24 17 1374
24 18 1024
24 19 592
24 20 679
24 21 508
24 22 1262
24 23 636
24 24 0
24 25 710
24 26 995
24 27 215
24 28 410
24 29 1020
25 1 979
25 2 1086
25 3 1797
25 4 614
25 5 1349
25 6 1304
25 7 396
25 8 866
25 9 1550
25 10 772
25 11 501
25 12 1514
25 13 631
25 14 775
25 15 541
25 16 410
25 17 1069
25 18 823
25 19 288
25 20 914
25 21 1078
25 22 842
25 23 718
25 24 710
25 25 0
25 26 1556
25 27 655
25 28 1120
25 29 1504
26 1 757
26 2 490
26 3 452
26 4 1062
26 5 279
26 6 543
26 7 1880
26 8 1118
26 9 327
26 10 849
26 11 1618
26 12 701
26 13 924
26 14 1430
26 15 1257
26 16 1220
26 17 1562
26 18 1270
26 19 1302
26 20 747
26 21 495
26 22 1630
26 23 1617
26 24 995
26 25 1556
26 26 0
26 27 1202
26 28 801
26 29 198
27 1 460
27 2 864
27 3 1570
27 4 779
27 5 936
27 6 779
27 7 793
27 8 212
27 9 1074
27 10 758
27 11 1068
27 12 927
27 13 496
27 14 1192
27 15 880
27 16 284
27 17 1484
27 18 1146
27 19 630
27 20 871
27 21 721
27 22 1337
27 23 420
27 24 215
27 25 655
27 26 1202
27 27 0
27 28 529
27 29 1234
28 1 186
28 2 678
28 3 1233
28 4 957
28 5 524
28 6 280
28 7 1319
28 8 362
28 9 586
28 10 814
28 11 1423
28 12 400
28 13 640
28 14 1424
28 15 1131
28 16 710
28 17 1674
28 18 1320
28 19 985
28 20 848
28 21 452
28 22 1607
28 23 886
28 24 410
28 25 1120
28 26 801
28 27 529
28 28 0
28 29 903
29 1 820
29 2 419
29 3 338
29 4 963
29 5 393
29 6 676
29 7 1853
29 8 1183
29 9 513
29 10 756
29 11 1508
29 12 871
29 13 884
29 14 1289
29 15 1148
29 16 1206
29 17 1396
29 18 1124
29 19 1234
29 20 633
29 21 515
29 22 1486
29 23 1655
29 24 1020
29 25 1504
29 26 198
29 27 1234
29 28 903
29 29 0