1 1 0
1 2 31
1 3 309
1 4 1210
1 5 1151
1 6 150
1 7 181
1 8 598
1 9 697
1 10 299
1 11 331
1 12 488
1 13 1275
1 14 1227
1 15 473
1 16 763
1 17 846
1 18 819
1 19 715
1 20 624
1 21 579
1 22 610
1 23 661
1 24 747
1 25 847
1 26 870
1 27 773
1 28 691
1 29 642
1 30 717
1 31 757
1 32 787
1 33 849
1 34 1461
1 35 1428
1 36 1084
1 37 1147
1 38 1655
1 39 1631
1 40 1220
1 41 1357
1 42 1409
1 43 1424
1 44 1367
1 45 1317
1 46 1482
1 47 1427
1 48 1380
1 49 1358
1 50 1442
1 51 1487
1 52 1540
1 53 1598
1 54 1548
1 55 1504
1 56 1567
1 57 1608
1 58 1657
1 59 1673
1 60 2123
1 61 2115
1 62 1933
1 63 1972
1 64 2046
1 65 2382
1 66 2379
1 67 2130
1 68 2160
1 69 2228
1 70 2264
1 71 2182
1 72 2226
1 73 2253
1 74 2289
1 75 2326
1 76 2292
1 77 2265
1 78 2269
1 79 2296
1 80 2322
1 81 2356
1 82 2300
1 83 2341
1 84 2344
1 85 2418
1 86 2451
1 87 2744
1 88 2745
1 89 2627
1 90 2658
1 91 2693
1 92 2724
1 93 2756
1 94 3023
1 95 3027
1 96 2843
1 97 2874
1 98 2928
1 99 2957
1 100 3189
1 101 2992
1 102 3024
1 103 563
1 104 1142
1 105 1743
2 1 31
2 2 0
2 3 303
2 4 1208
2 5 1147
2 6 119
2 7 150
2 8 588
2 9 687
2 10 268
2 11 300
2 12 464
2 13 1265
2 14 1216
2 15 442
2 16 743
2 17 827
2 18 797
2 19 690
2 20 596
2 21 549
2 22 579
2 23 632
2 24 721
2 25 824
2 26 847
2 27 748
2 28 662
2 29 611
2 30 686
2 31 727
2 32 756
2 33 820
2 34 1444
2 35 1410
2 36 1058
2 37 1121
2 38 1634
2 39 1609
2 40 1190
2 41 1328
2 42 1381
2 43 1396
2 44 1337
2 45 1287
2 46 1453
2 47 1397
2 48 1349
2 49 1327
2 50 1411
2 51 1457
2 52 1511
2 53 1569
2 54 1518
2 55 1474
2 56 1536
2 57 1578
2 58 1628
2 59 1642
2 60 2098
2 61 2089
2 62 1903
2 63 1943
2 64 2015
2 65 2356
2 66 2352
2 67 2099
2 68 2129
2 69 2198
2 70 2234
2 71 2151
2 72 2196
2 73 2223
2 74 2259
2 75 2296
2 76 2261
2 77 2234
2 78 2238
2 79 2265
2 80 2292
2 81 2326
2 82 2269
2 83 2310
2 84 2313
2 85 2387
2 86 2421
2 87 2716
2 88 2717
2 89 2597
2 90 2628
2 91 2662
2 92 2693
2 93 2725
2 94 2994
2 95 2998
2 96 2812
2 97 2843
2 98 2897
2 99 2927
2 100 3161
2 101 2961
2 102 2993
2 103 533
2 104 1112
2 105 1712
3 1 309
3 2 303
3 3 0
3 4 907
3 5 845
3 6 309
3 7 318
3 8 292
3 9 388
3 10 373
3 11 393
3 12 307
3 13 967
3 14 921
3 15 441
3 16 512
3 17 577
3 18 572
3 19 512
3 20 499
3 21 546
3 22 574
3 23 538
3 24 550
3 25 606
3 26 634
3 27 581
3 28 570
3 29 604
3 30 640
3 31 693
3 32 728
3 33 716
3 34 1175
3 35 1148
3 36 889
3 37 931
3 38 1391
3 39 1375
3 40 1146
3 41 1186
3 42 1220
3 43 1253
3 44 1226
3 45 1223
3 46 1314
3 47 1289
3 48 1285
3 49 1290
3 50 1348
3 51 1352
3 52 1376
3 53 1437
3 54 1415
3 55 1411
3 56 1474
3 57 1477
3 58 1499
3 59 1600
3 60 1899
3 61 1898
3 62 1790
3 63 1815
3 64 1945
3 65 2174
3 66 2178
3 67 2054
3 68 2086
3 69 2094
3 70 2117
3 71 2114
3 72 2135
3 73 2138
3 74 2153
3 75 2191
3 76 2177
3 77 2174
3 78 2201
3 79 2205
3 80 2208
3 81 2222
3 82 2232
3 83 2270
3 84 2265
3 85 2349
3 86 2354
3 87 2552
3 88 2560
3 89 2502
3 90 2522
3 91 2631
3 92 2662
3 93 2661
3 94 2841
3 95 2851
3 96 2780
3 97 2811
3 98 2807
3 99 2826
3 100 3013
3 101 2929
3 102 2960
3 103 488
3 104 1023
3 105 1638
4 1 1210
4 2 1208
4 3 907
4 4 0
4 5 71
4 6 1208
4 7 1209
4 8 654
4 9 555
4 10 1222
4 11 1227
4 12 947
4 13 307
4 14 345
4 15 1174
4 16 765
4 17 686
4 18 777
4 19 908
4 20 1068
4 21 1226
4 22 1238
4 23 1085
4 24 929
4 25 801
4 26 821
4 27 946
4 28 1100
4 29 1251
4 30 1210
4 31 1260
4 32 1291
4 33 1136
4 34 717
4 35 751
4 36 1043
4 37 990
4 38 1024
4 39 1057
4 40 1537
4 41 1298
4 42 1258
4 43 1342
4 44 1422
4 45 1544
4 46 1398
4 47 1475
4 48 1593
4 49 1663
4 50 1643
4 51 1529
4 52 1455
4 53 1512
4 54 1583
4 55 1694
4 56 1745
4 57 1639
4 58 1570
4 59 1901
4 60 1638
4 61 1671
4 62 1856
4 63 1831
4 64 2118
4 65 1945
4 66 1978
4 67 2283
4 68 2318
4 69 2147
4 70 2126
4 71 2361
4 72 2312
4 73 2243
4 74 2193
4 75 2230
4 76 2280
4 77 2348
4 78 2438
4 79 2376
4 80 2309
4 81 2260
4 82 2465
4 83 2494
4 84 2466
4 85 2571
4 86 2493
4 87 2355
4 88 2387
4 89 2541
4 90 2524
4 91 2851
4 92 2879
4 93 2782
4 94 2662
4 95 2694
4 96 2988
4 97 3016
4 98 2838
4 99 2825
4 100 2843
4 101 3125
4 102 3154
4 103 1141
4 104 1343
4 105 1845
5 1 1151
5 2 1147
5 3 845
5 4 71
5 5 0
5 6 1144
5 7 1145
5 8 587
5 9 487
5 10 1155
5 11 1160
5 12 878
5 13 282
5 14 307
5 15 1104
5 16 695
5 17 617
5 18 707
5 19 838
5 20 998
5 21 1155
5 22 1167
5 23 1014
5 24 858
5 25 732
5 26 753
5 27 876
5 28 1030
5 29 1180
5 30 1140
5 31 1190
5 32 1220
5 33 1066
5 34 688
5 35 716
5 36 979
5 37 929
5 38 994
5 39 1023
5 40 1471
5 41 1240
5 42 1202
5 43 1285
5 44 1361
5 45 1479
5 46 1342
5 47 1415
5 48 1529
5 49 1597
5 50 1580
5 51 1470
5 52 1399
5 53 1457
5 54 1525
5 55 1632
5 56 1684
5 57 1581
5 58 1516
5 59 1839
5 60 1607
5 61 1638
5 62 1805
5 63 1782
5 64 2062
5 65 1914
5 66 1945
5 67 2225
5 68 2260
5 69 2098
5 70 2079
5 71 2303
5 72 2257
5 73 2192
5 74 2145
5 75 2183
5 76 2228
5 77 2293
5 78 2381
5 79 2322
5 80 2258
5 81 2213
5 82 2408
5 83 2438
5 84 2411
5 85 2514
5 86 2441
5 87 2324
5 88 2354
5 89 2494
5 90 2480
5 91 2796
5 92 2824
5 93 2731
5 94 2631
5 95 2661
5 96 2933
5 97 2962
5 98 2794
5 99 2782
5 100 2812
5 101 3071
5 102 3101
5 103 1071
5 104 1278
5 105 1786
6 1 150
6 2 119
6 3 309
6 4 1208
6 5 1144
6 6 0
6 7 31
6 8 565
6 9 667
6 10 149
6 11 181
6 12 382
6 13 1236
6 14 1182
6 15 327
6 16 672
6 17 763
6 18 723
6 19 602
6 20 491
6 21 431
6 22 462
6 23 525
6 24 631
6 25 747
6 26 767
6 27 654
6 28 554
6 29 493
6 30 571
6 31 610
6 32 639
6 33 712
6 34 1384
6 35 1345
6 36 960
6 37 1029
6 38 1557
6 39 1529
6 40 1072
6 41 1222
6 42 1279
6 43 1289
6 44 1226
6 45 1170
6 46 1346
6 47 1285
6 48 1232
6 49 1208
6 50 1294
6 51 1345
6 52 1403
6 53 1460
6 54 1404
6 55 1356
6 56 1418
6 57 1465
6 58 1518
6 59 1524
6 60 2003
6 61 1991
6 62 1790
6 63 1832
6 64 1898
6 65 2255
6 66 2250
6 67 1981
6 68 2011
6 69 2084
6 70 2121
6 71 2032
6 72 2078
6 73 2107
6 74 2144
6 75 2182
6 76 2145
6 77 2116
6 78 2119
6 79 2147
6 80 2175
6 81 2212
6 82 2150
6 83 2191
6 84 2194
6 85 2268
6 86 2303
6 87 2611
6 88 2610
6 89 2481
6 90 2514
6 91 2543
6 92 2574
6 93 2607
6 94 2886
6 95 2889
6 96 2693
6 97 2724
6 98 2781
6 99 2811
6 100 3052
6 101 2842
6 102 2874
6 103 421
6 104 998
6 105 1596
7 1 181
7 2 150
7 3 318
7 4 1209
7 5 1145
7 6 31
7 7 0
7 8 562
7 9 664
7 10 118
7 11 150
7 12 364
7 13 1230
7 14 1175
7 15 297
7 16 655
7 17 748
7 18 705
7 19 581
7 20 464
7 21 401
7 22 431
7 23 498
7 24 608
7 25 728
7 26 747
7 27 631
7 28 526
7 29 463
7 30 541
7 31 580
7 32 608
7 33 684
7 34 1369
7 35 1329
7 36 935
7 37 1006
7 38 1538
7 39 1509
7 40 1041
7 41 1195
7 42 1253
7 43 1262
7 44 1197
7 45 1140
7 46 1318
7 47 1256
7 48 1202
7 49 1178
7 50 1264
7 51 1315
7 52 1375
7 53 1432
7 54 1375
7 55 1326
7 56 1388
7 57 1435
7 58 1490
7 59 1493
7 60 1978
7 61 1966
7 62 1761
7 63 1803
7 64 1867
7 65 2229
7 66 2223
7 67 1950
7 68 1980
7 69 2054
7 70 2092
7 71 2001
7 72 2047
7 73 2076
7 74 2115
7 75 2152
7 76 2115
7 77 2086
7 78 2088
7 79 2116
7 80 2145
7 81 2182
7 82 2119
7 83 2160
7 84 2163
7 85 2237
7 86 2272
7 87 2583
7 88 2582
7 89 2451
7 90 2484
7 91 2512
7 92 2543
7 93 2577
7 94 2858
7 95 2861
7 96 2662
7 97 2693
7 98 2751
7 99 2781
7 100 3023
7 101 2811
7 102 2843
7 103 392
7 104 969
7 105 1565
8 1 598
8 2 588
8 3 292
8 4 654
8 5 587
8 6 565
8 7 562
8 8 0
8 9 102
8 10 568
8 11 573
8 12 312
8 13 677
8 14 629
8 15 536
8 16 307
8 17 331
8 18 363
8 19 386
8 20 481
8 21 608
8 22 627
8 23 510
8 24 423
8 25 402
8 26 434
8 27 453
8 28 535
8 29 647
8 30 637
8 31 693
8 32 728
8 33 637
8 34 891
8 35 869
8 36 716
8 37 731
8 38 1125
8 39 1116
8 40 1087
8 41 1023
8 42 1036
8 43 1086
8 44 1094
8 45 1138
8 46 1149
8 47 1157
8 48 1198
8 49 1229
8 50 1259
8 51 1219
8 52 1212
8 53 1275
8 54 1282
8 55 1319
8 56 1380
8 57 1345
8 58 1338
8 59 1521
8 60 1665
8 61 1672
8 62 1637
8 63 1648
8 64 1830
8 65 1952
8 66 1963
8 67 1960
8 68 1993
8 69 1944
8 70 1955
8 71 2028
8 72 2025
8 73 2004
8 74 2000
8 75 2039
8 76 2043
8 77 2063
8 78 2112
8 79 2094
8 80 2074
8 81 2070
8 82 2142
8 83 2178
8 84 2165
8 85 2257
8 86 2235
8 87 2343
8 88 2356
8 89 2354
8 90 2364
8 91 2543
8 92 2573
8 93 2540
8 94 2639
8 95 2655
8 96 2689
8 97 2719
8 98 2661
8 99 2671
8 100 2815
8 101 2835
8 102 2866
8 103 526
8 104 926
8 105 1526
9 1 697
9 2 687
9 3 388
9 4 555
9 5 487
9 6 667
9 7 664
9 8 102
9 9 0
9 10 668
9 11 672
9 12 398
9 13 579
9 14 533
9 15 625
9 16 317
9 17 308
9 18 363
9 19 426
9 20 548
9 21 689
9 22 705
9 23 574
9 24 459
9 25 402
9 26 433
9 27 487
9 28 596
9 29 723
9 30 702
9 31 757
9 32 791
9 33 679
9 34 815
9 35 799
9 36 716
9 37 717
9 38 1064
9 39 1060
9 40 1124
9 41 1021
9 42 1024
9 43 1082
9 44 1105
9 45 1166
9 46 1145
9 47 1166
9 48 1224
9 49 1264
9 50 1283
9 51 1228
9 52 1208
9 53 1270
9 54 1290
9 55 1342
9 56 1402
9 57 1352
9 58 1333
9 59 1547
9 60 1622
9 61 1632
9 62 1633
9 63 1638
9 64 1840
9 65 1914
9 66 1928
9 67 1978
9 68 2012
9 69 1940
9 70 1945
9 71 2048
9 72 2036
9 73 2007
9 74 1995
9 75 2033
9 76 2046
9 77 2074
9 78 2131
9 79 2105
9 80 2076
9 81 2064
9 82 2161
9 83 2196
9 84 2180
9 85 2275
9 86 2242
9 87 2310
9 88 2326
9 89 2349
9 90 2355
9 91 2560
9 92 2590
9 93 2546
9 94 2609
9 95 2627
9 96 2705
9 97 2736
9 98 2656
9 99 2662
9 100 2787
9 101 2850
9 102 2881
9 103 605
9 104 953
9 105 1540
10 1 299
10 2 268
10 3 373
10 4 1222
10 5 1155
10 6 149
10 7 118
10 8 568
10 9 668
10 10 0
10 11 32
10 12 313
10 13 1213
10 14 1154
10 15 188
10 16 603
10 17 701
10 18 647
10 19 508
10 20 369
10 21 285
10 22 316
10 23 400
10 24 531
10 25 664
10 26 680
10 27 550
10 28 425
10 29 347
10 30 429
10 31 465
10 32 492
10 33 580
10 34 1317
10 35 1273
10 36 844
10 37 920
10 38 1468
10 39 1435
10 40 924
10 41 1092
10 42 1154
10 43 1159
10 44 1087
10 45 1024
10 46 1213
10 47 1146
10 48 1086
10 49 1060
10 50 1148
10 51 1204
10 52 1269
10 53 1325
10 54 1263
10 55 1210
10 56 1272
10 57 1323
10 58 1382
10 59 1375
10 60 1886
10 61 1871
10 62 1649
10 63 1694
10 64 1751
10 65 2131
10 66 2123
10 67 1832
10 68 1862
10 69 1941
10 70 1980
10 71 1883
10 72 1930
10 73 1961
10 74 2001
10 75 2039
10 76 1999
10 77 1968
10 78 1970
10 79 1999
10 80 2029
10 81 2068
10 82 2001
10 83 2042
10 84 2046
10 85 2119
10 86 2155
10 87 2480
10 88 2477
10 89 2336
10 90 2371
10 91 2394
10 92 2425
10 93 2459
10 94 2752
10 95 2753
10 96 2544
10 97 2575
10 98 2635
10 99 2667
10 100 2916
10 101 2693
10 102 2725
10 103 287
10 104 858
10 105 1450
11 1 331
11 2 300
11 3 393
11 4 1227
11 5 1160
11 6 181
11 7 150
11 8 573
11 9 672
11 10 32
11 11 0
11 12 306
11 13 1210
11 14 1150
11 15 160
11 16 592
11 17 692
11 18 634
11 19 492
11 20 346
11 21 255
11 22 285
11 23 375
11 24 512
11 25 650
11 26 664
11 27 531
11 28 400
11 29 316
11 30 400
11 31 434
11 32 461
11 33 553
11 34 1305
11 35 1260
11 36 820
11 37 898
11 38 1450
11 39 1416
11 40 892
11 41 1065
11 42 1128
11 43 1131
11 44 1058
11 45 993
11 46 1185
11 47 1116
11 48 1055
11 49 1028
11 50 1116
11 51 1174
11 52 1241
11 53 1296
11 54 1233
11 55 1178
11 56 1240
11 57 1293
11 58 1353
11 59 1343
11 60 1861
11 61 1846
11 62 1619
11 63 1665
11 64 1720
11 65 2105
11 66 2096
11 67 1800
11 68 1830
11 69 1910
11 70 1950
11 71 1851
11 72 1898
11 73 1930
11 74 1971
11 75 2008
11 76 1968
11 77 1937
11 78 1938
11 79 1967
11 80 1998
11 81 2038
11 82 1969
11 83 2010
11 84 2014
11 85 2087
11 86 2123
11 87 2452
11 88 2449
11 89 2305
11 90 2340
11 91 2362
11 92 2393
11 93 2428
11 94 2723
11 95 2724
11 96 2512
11 97 2543
11 98 2604
11 99 2636
11 100 2886
11 101 2661
11 102 2693
11 103 260
11 104 828
11 105 1418
12 1 488
12 2 464
12 3 307
12 4 947
12 5 878
12 6 382
12 7 364
12 8 312
12 9 398
12 10 313
12 11 306
12 12 0
12 13 907
12 14 845
12 15 227
12 16 292
12 17 389
12 18 341
12 19 227
12 20 197
12 21 296
12 22 317
12 23 235
12 24 260
12 25 364
12 26 385
12 27 289
12 28 266
12 29 340
12 30 349
12 31 405
12 32 441
12 33 409
12 34 1008
12 35 966
12 36 602
12 37 659
12 38 1175
12 39 1148
12 40 843
12 41 889
12 42 931
12 43 956
12 44 922
12 45 916
12 46 1016
12 47 984
12 48 979
12 49 988
12 50 1042
12 51 1047
12 52 1077
12 53 1138
12 54 1109
12 55 1105
12 56 1168
12 57 1172
12 58 1199
12 59 1296
12 60 1636
12 61 1629
12 62 1487
12 63 1516
12 64 1638
12 65 1899
12 66 1898
12 67 1748
12 68 1780
12 69 1790
12 70 1815
12 71 1809
12 72 1828
12 73 1831
12 74 1849
12 75 1887
12 76 1870
12 77 1867
12 78 1896
12 79 1898
12 80 1901
12 81 1918
12 82 1927
12 83 1965
12 84 1959
12 85 2044
12 86 2047
12 87 2268
12 88 2272
12 89 2196
12 90 2219
12 91 2327
12 92 2357
12 93 2354
12 94 2552
12 95 2560
12 96 2475
12 97 2506
12 98 2502
12 99 2522
12 100 2722
12 101 2623
12 102 2655
12 103 217
12 104 716
12 105 1331
13 1 1275
13 2 1265
13 3 967
13 4 307
13 5 282
13 6 1236
13 7 1230
13 8 677
13 9 579
13 10 1213
13 11 1210
13 12 907
13 13 0
13 14 71
13 15 1120
13 16 654
13 17 555
13 18 642
13 19 796
13 20 975
13 21 1145
13 22 1150
13 23 981
13 24 804
13 25 652
13 26 663
13 27 813
13 28 988
13 29 1155
13 30 1094
13 31 1136
13 32 1161
13 33 982
13 34 410
13 35 445
13 36 824
13 37 753
13 38 717
13 39 751
13 40 1334
13 41 1043
13 42 990
13 43 1079
13 44 1177
13 45 1322
13 46 1131
13 47 1225
13 48 1365
13 49 1447
13 50 1409
13 51 1275
13 52 1184
13 53 1239
13 54 1325
13 55 1455
13 56 1502
13 57 1376
13 58 1293
13 59 1658
13 60 1331
13 61 1364
13 62 1572
13 63 1540
13 64 1845
13 65 1638
13 66 1671
13 67 2017
13 68 2052
13 69 1856
13 70 1831
13 71 2097
13 72 2037
13 73 1958
13 74 1901
13 75 1938
13 76 1994
13 77 2071
13 78 2171
13 79 2099
13 80 2022
13 81 1967
13 82 2197
13 83 2224
13 84 2193
13 85 2299
13 86 2210
13 87 2048
13 88 2080
13 89 2245
13 90 2226
13 91 2576
13 92 2604
13 93 2493
13 94 2355
13 95 2387
13 96 2710
13 97 2737
13 98 2541
13 99 2524
13 100 2536
13 101 2844
13 102 2873
13 103 1063
13 104 1136
13 105 1585
14 1 1227
14 2 1216
14 3 921
14 4 345
14 5 307
14 6 1182
14 7 1175
14 8 629
14 9 533
14 10 1154
14 11 1150
14 12 845
14 13 71
14 14 0
14 15 1056
14 16 587
14 17 487
14 18 573
14 19 728
14 20 908
14 21 1078
14 22 1082
14 23 913
14 24 736
14 25 583
14 26 593
14 27 744
14 28 919
14 29 1088
14 30 1024
14 31 1067
14 32 1091
14 33 911
14 34 383
14 35 409
14 36 755
14 37 685
14 38 688
14 39 716
14 40 1265
14 41 979
14 42 929
14 43 1017
14 44 1112
14 45 1254
14 46 1071
14 47 1161
14 48 1298
14 49 1379
14 50 1343
14 51 1211
14 52 1125
14 53 1180
14 54 1262
14 55 1389
14 56 1437
14 57 1315
14 58 1236
14 59 1593
14 60 1301
14 61 1331
14 62 1517
14 63 1489
14 64 1786
14 65 1607
14 66 1638
14 67 1957
14 68 1991
14 69 1805
14 70 1782
14 71 2036
14 72 1979
14 73 1904
14 74 1850
14 75 1888
14 76 1940
14 77 2014
14 78 2111
14 79 2042
14 80 1969
14 81 1917
14 82 2138
14 83 2165
14 84 2135
14 85 2241
14 86 2156
14 87 2017
14 88 2047
14 89 2197
14 90 2180
14 91 2519
14 92 2546
14 93 2441
14 94 2324
14 95 2354
14 96 2653
14 97 2681
14 98 2494
14 99 2480
14 100 2505
14 101 2788
14 102 2818
14 103 997
14 104 1066
14 105 1523
15 1 473
15 2 442
15 3 441
15 4 1174
15 5 1104
15 6 327
15 7 297
15 8 536
15 9 625
15 10 188
15 11 160
15 12 227
15 13 1120
15 14 1056
15 15 0
15 16 476
15 17 578
15 18 509
15 19 356
15 20 192
15 21 111
15 22 142
15 23 217
15 24 370
15 25 519
15 26 529
15 27 384
15 28 240
15 29 174
15 30 244
15 31 285
15 32 315
15 33 393
15 34 1176
15 35 1127
15 36 663
15 37 744
15 38 1304
15 39 1267
15 40 750
15 41 905
15 42 968
15 43 971
15 44 900
15 45 845
15 46 1025
15 47 959
15 48 907
15 49 889
15 50 969
15 51 1018
15 52 1081
15 53 1137
15 54 1078
15 55 1032
15 56 1094
15 57 1138
15 58 1194
15 59 1204
15 60 1702
15 61 1687
15 62 1464
15 63 1507
15 64 1573
15 65 1944
15 66 1935
15 67 1662
15 68 1692
15 69 1757
15 70 1795
15 71 1716
15 72 1755
15 73 1781
15 74 1817
15 75 1855
15 76 1819
15 77 1794
15 78 1803
15 79 1825
15 80 1849
15 81 1885
15 82 1834
15 83 1874
15 84 1875
15 85 1952
15 86 1979
15 87 2292
15 88 2289
15 89 2155
15 90 2187
15 91 2230
15 92 2261
15 93 2285
15 94 2564
15 95 2565
15 96 2380
15 97 2411
15 98 2455
15 99 2484
15 100 2728
15 101 2529
15 102 2561
15 103 100
15 104 672
15 105 1270
16 1 763
16 2 743
16 3 512
16 4 765
16 5 695
16 6 672
16 7 655
16 8 307
16 9 317
16 10 603
16 11 592
16 12 292
16 13 654
16 14 587
16 15 476
16 16 0
16 17 102
16 18 60
16 19 145
16 20 321
16 21 491
16 22 496
16 23 329
16 24 164
16 25 97
16 26 128
16 27 184
16 28 339
16 29 502
16 30 448
16 31 496
16 32 526
16 33 378
16 34 715
16 35 674
16 36 409
16 37 429
16 38 891
16 39 869
16 40 813
16 41 716
16 42 731
16 43 779
16 44 790
16 45 850
16 46 842
16 47 853
16 48 908
16 49 951
16 50 966
16 51 915
16 52 905
16 53 968
16 54 977
16 55 1026
16 56 1085
16 57 1040
16 58 1031
16 59 1231
16 60 1388
16 61 1388
16 62 1330
16 63 1342
16 64 1526
16 65 1665
16 66 1672
16 67 1661
16 68 1695
16 69 1637
16 70 1648
16 71 1731
16 72 1722
16 73 1698
16 74 1693
16 75 1732
16 76 1737
16 77 1760
16 78 1815
16 79 1791
16 80 1768
16 81 1763
16 82 1845
16 83 1879
16 84 1865
16 85 1959
16 86 1931
16 87 2049
16 88 2060
16 89 2047
16 90 2058
16 91 2244
16 92 2274
16 93 2235
16 94 2343
16 95 2356
16 96 2390
16 97 2420
16 98 2354
16 99 2364
16 100 2517
16 101 2535
16 102 2566
16 103 411
16 104 637
16 105 1225
17 1 846
17 2 827
17 3 577
17 4 686
17 5 617
17 6 763
17 7 748
17 8 331
17 9 308
17 10 701
17 11 692
17 12 389
17 13 555
17 14 487
17 15 578
17 16 102
17 17 0
17 18 91
17 19 241
17 20 421
17 21 592
17 22 595
17 23 426
17 24 251
17 25 116
17 26 141
17 27 264
17 28 433
17 29 600
17 30 540
17 31 586
17 32 613
17 33 450
17 34 621
17 35 583
17 36 414
17 37 409
17 38 814
17 39 798
17 40 864
17 41 715
17 42 716
17 43 775
17 44 806
17 45 888
17 46 838
17 47 867
17 48 943
17 49 997
17 50 1000
17 51 928
17 52 900
17 53 963
17 54 989
17 55 1056
17 56 1114
17 57 1050
17 58 1026
17 59 1264
17 60 1336
17 61 1341
17 62 1326
17 63 1330
17 64 1539
17 65 1621
17 66 1632
17 67 1683
17 68 1717
17 69 1632
17 70 1637
17 71 1755
17 72 1736
17 73 1701
17 74 1687
17 75 1726
17 76 1740
17 77 1774
17 78 1837
17 79 1804
17 80 1771
17 81 1757
17 82 1867
17 83 1900
17 84 1882
17 85 1979
17 86 1939
17 87 2012
17 88 2026
17 89 2042
17 90 2047
17 91 2264
17 92 2294
17 93 2241
17 94 2309
17 95 2325
17 96 2408
17 97 2438
17 98 2348
17 99 2354
17 100 2485
17 101 2552
17 102 2583
17 103 512
17 104 679
17 105 1243
18 1 819
18 2 797
18 3 572
18 4 777
18 5 707
18 6 723
18 7 705
18 8 363
18 9 363
18 10 647
18 11 634
18 12 341
18 13 642
18 14 573
18 15 509
18 16 60
18 17 91
18 18 0
18 19 158
18 20 340
18 21 512
18 22 513
18 23 341
18 24 163
18 25 39
18 26 71
18 27 173
18 28 346
18 29 516
18 30 452
18 31 496
18 32 523
18 33 359
18 34 671
18 35 627
18 36 355
18 37 370
18 38 836
18 39 813
18 40 780
18 41 661
18 42 674
18 43 724
18 44 741
18 45 810
18 46 787
18 47 803
18 48 867
18 49 916
18 50 924
18 51 865
18 52 850
18 53 913
18 54 927
18 55 983
18 56 1041
18 57 989
18 58 976
18 59 1189
18 60 1328
18 61 1328
18 62 1275
18 63 1285
18 64 1477
18 65 1605
18 66 1612
18 67 1615
18 68 1649
18 69 1582
18 70 1592
18 71 1686
18 72 1673
18 73 1646
18 74 1638
18 75 1677
18 76 1684
18 77 1711
18 78 1769
18 79 1741
18 80 1715
18 81 1708
18 82 1798
18 83 1833
18 84 1817
18 85 1912
18 86 1880
18 87 1990
18 88 2001
18 89 1992
18 90 2002
18 91 2197
18 92 2227
18 93 2184
18 94 2283
18 95 2297
18 96 2342
18 97 2372
18 98 2299
18 99 2308
18 100 2458
18 101 2487
18 102 2518
18 103 435
18 104 599
18 105 1177
19 1 715
19 2 690
19 3 512
19 4 908
19 5 838
19 6 602
19 7 581
19 8 386
19 9 426
19 10 508
19 11 492
19 12 227
19 13 796
19 14 728
19 15 356
19 16 145
19 17 241
19 18 158
19 19 0
19 20 182
19 21 354
19 22 355
19 23 185
19 24 39
19 25 163
19 26 173
19 27 71
19 28 194
19 29 360
19 30 303
19 31 352
19 32 383
19 33 254
19 34 820
19 35 771
19 36 379
19 37 432
19 38 960
19 39 929
19 40 701
19 41 674
19 42 709
19 43 741
19 44 724
19 45 752
19 46 803
19 47 787
19 48 813
19 49 843
19 50 874
19 51 850
19 52 865
19 53 927
19 54 913
19 55 936
19 56 997
19 57 976
19 58 989
19 59 1136
19 60 1409
19 61 1402
19 62 1282
19 63 1305
19 64 1454
19 65 1673
19 66 1673
19 67 1578
19 68 1612
19 69 1588
19 70 1607
19 71 1645
19 72 1648
19 73 1638
19 74 1646
19 75 1684
19 76 1677
19 77 1687
19 78 1730
19 79 1718
19 80 1708
19 81 1715
19 82 1760
19 83 1796
19 84 1785
19 85 1876
19 86 1862
19 87 2045
19 88 2050
19 89 1997
19 90 2014
19 91 2161
19 92 2191
19 93 2169
19 94 2331
19 95 2341
19 96 2308
19 97 2338
19 98 2303
19 99 2319
19 100 2503
19 101 2454
19 102 2486
19 103 278
19 104 542
19 105 1149
20 1 624
20 2 596
20 3 499
20 4 1068
20 5 998
20 6 491
20 7 464
20 8 481
20 9 548
20 10 369
20 11 346
20 12 197
20 13 975
20 14 908
20 15 192
20 16 321
20 17 421
20 18 340
20 19 182
20 20 0
20 21 172
20 22 175
20 23 39
20 24 186
20 25 342
20 26 347
20 27 195
20 28 71
20 29 183
20 30 157
20 31 213
20 32 249
20 33 227
20 34 994
20 35 942
20 36 475
20 37 553
20 38 1113
20 39 1075
20 40 647
20 41 733
20 42 789
20 43 800
20 44 747
20 45 724
20 46 857
20 47 808
20 48 787
20 49 792
20 50 850
20 51 869
20 52 915
20 53 974
20 54 931
20 55 913
20 56 976
20 57 993
20 58 1034
20 59 1101
20 60 1517
20 61 1503
20 62 1314
20 63 1349
20 64 1450
20 65 1765
20 66 1759
20 67 1555
20 68 1587
20 69 1613
20 70 1644
20 71 1615
20 72 1638
20 73 1648
20 74 1673
20 75 1711
20 76 1687
20 77 1677
20 78 1702
20 79 1708
20 80 1718
20 81 1742
20 82 1733
20 83 1771
20 84 1767
20 85 1850
20 86 1859
20 87 2121
20 88 2121
20 89 2017
20 90 2043
20 91 2132
20 92 2163
20 93 2166
20 94 2398
20 95 2403
20 96 2281
20 97 2312
20 98 2321
20 99 2345
20 100 2565
20 101 2429
20 102 2461
20 103 99
20 104 530
20 105 1143
21 1 579
21 2 549
21 3 546
21 4 1226
21 5 1155
21 6 431
21 7 401
21 8 608
21 9 689
21 10 285
21 11 255
21 12 296
21 13 1145
21 14 1078
21 15 111
21 16 491
21 17 592
21 18 512
21 19 354
21 20 172
21 21 0
21 22 31
21 23 177
21 24 356
21 25 513
21 26 517
21 27 361
21 28 187
21 29 63
21 30 148
21 31 179
21 32 207
21 33 317
21 34 1162
21 35 1108
21 36 603
21 37 692
21 38 1264
21 39 1223
21 40 641
21 41 822
21 42 892
21 43 887
21 44 806
21 45 739
21 46 939
21 47 863
21 48 801
21 49 780
21 50 863
21 51 921
21 52 992
21 53 1047
21 54 979
21 55 925
21 56 987
21 57 1038
21 58 1102
21 59 1095
21 60 1632
21 61 1612
21 62 1365
21 63 1412
21 64 1467
21 65 1864
21 66 1853
21 67 1552
21 68 1583
21 69 1656
21 70 1696
21 71 1606
21 72 1647
21 73 1676
21 74 1716
21 75 1753
21 76 1714
21 77 1686
21 78 1693
21 79 1717
21 80 1744
21 81 1783
21 82 1724
21 83 1764
21 84 1766
21 85 1842
21 86 1872
21 87 2204
21 88 2199
21 89 2051
21 90 2085
21 91 2119
21 92 2150
21 93 2177
21 94 2472
21 95 2472
21 96 2269
21 97 2300
21 98 2350
21 99 2381
21 100 2635
21 101 2418
21 102 2450
21 103 84
21 104 574
21 105 1165
22 1 610
22 2 579
22 3 574
22 4 1238
22 5 1167
22 6 462
22 7 431
22 8 627
22 9 705
22 10 316
22 11 285
22 12 317
22 13 1150
22 14 1082
22 15 142
22 16 496
22 17 595
22 18 513
22 19 355
22 20 175
22 21 31
22 22 0
22 23 173
22 24 354
22 25 512
22 26 514
22 27 356
22 28 178
22 29 32
22 30 123
22 31 150
22 32 177
22 33 296
22 34 1155
22 35 1100
22 36 585
22 37 677
22 38 1251
22 39 1208
22 40 610
22 41 797
22 42 869
22 43 862
22 44 778
22 45 709
22 46 913
22 47 835
22 48 771
22 49 749
22 50 832
22 51 892
22 52 966
22 53 1020
22 54 950
22 55 894
22 56 957
22 57 1009
22 58 1075
22 59 1064
22 60 1609
22 61 1589
22 62 1336
22 63 1384
22 64 1436
22 65 1840
22 66 1828
22 67 1521
22 68 1552
22 69 1626
22 70 1667
22 71 1575
22 72 1616
22 73 1646
22 74 1687
22 75 1724
22 76 1684
22 77 1655
22 78 1662
22 79 1686
22 80 1714
22 81 1753
22 82 1693
22 83 1733
22 84 1735
22 85 1811
22 86 1841
22 87 2178
22 88 2172
22 89 2021
22 90 2055
22 91 2088
22 92 2119
22 93 2146
22 94 2445
22 95 2444
22 96 2238
22 97 2269
22 98 2320
22 99 2351
22 100 2607
22 101 2387
22 102 2419
22 103 100
22 104 546
22 105 1134
23 1 661
23 2 632
23 3 538
23 4 1085
23 5 1014
23 6 525
23 7 498
23 8 510
23 9 574
23 10 400
23 11 375
23 12 235
23 13 981
23 14 913
23 15 217
23 16 329
23 17 426
23 18 341
23 19 185
23 20 39
23 21 177
23 22 173
23 23 0
23 24 181
23 25 339
23 26 341
23 27 184
23 28 32
23 29 175
23 30 129
23 31 184
23 32 218
23 33 189
23 34 984
23 35 931
23 36 445
23 37 527
23 38 1093
23 39 1054
23 40 609
23 41 697
23 42 756
23 43 764
23 44 709
23 45 685
23 46 821
23 47 770
23 48 748
23 49 754
23 50 811
23 51 831
23 52 879
23 53 937
23 54 893
23 55 874
23 56 937
23 57 954
23 58 996
23 59 1062
23 60 1486
23 61 1472
23 62 1276
23 63 1312
23 64 1411
23 65 1732
23 66 1725
23 67 1516
23 68 1548
23 69 1575
23 70 1606
23 71 1577
23 72 1599
23 73 1609
23 74 1635
23 75 1673
23 76 1648
23 77 1638
23 78 1663
23 79 1669
23 80 1679
23 81 1703
23 82 1694
23 83 1732
23 84 1728
23 85 1811
23 86 1820
23 87 2086
23 88 2085
23 89 1978
23 90 2005
23 91 2094
23 92 2124
23 93 2127
23 94 2362
23 95 2366
23 96 2243
23 97 2273
23 98 2282
23 99 2306
23 100 2529
23 101 2391
23 102 2423
23 103 119
23 104 491
23 105 1104
24 1 747
24 2 721
24 3 550
24 4 929
24 5 858
24 6 631
24 7 608
24 8 423
24 9 459
24 10 531
24 11 512
24 12 260
24 13 804
24 14 736
24 15 370
24 16 164
24 17 251
24 18 163
24 19 39
24 20 186
24 21 356
24 22 354
24 23 181
24 24 0
24 25 158
24 26 161
24 27 32
24 28 184
24 29 355
24 30 289
24 31 335
24 32 363
24 33 221
24 34 809
24 35 757
24 36 342
24 37 400
24 38 937
24 39 904
24 40 666
24 41 636
24 42 673
24 43 703
24 44 685
24 45 715
24 46 765
24 47 748
24 48 776
24 49 807
24 50 837
24 51 811
24 52 826
24 53 888
24 54 874
24 55 898
24 56 959
24 57 937
24 58 950
24 59 1099
24 60 1376
24 61 1369
24 62 1243
24 63 1266
24 64 1416
24 65 1639
24 66 1638
24 67 1540
24 68 1573
24 69 1549
24 70 1569
24 71 1606
24 72 1609
24 73 1599
24 74 1607
24 75 1646
24 76 1638
24 77 1648
24 78 1691
24 79 1679
24 80 1669
24 81 1676
24 82 1722
24 83 1758
24 84 1747
24 85 1837
24 86 1823
24 87 2009
24 88 2014
24 89 1958
24 90 1975
24 91 2122
24 92 2153
24 93 2130
24 94 2295
24 95 2303
24 96 2270
24 97 2300
24 98 2264
24 99 2280
24 100 2466
24 101 2416
24 102 2448
24 103 285
24 104 504
24 105 1110
25 1 847
25 2 824
25 3 606
25 4 801
25 5 732
25 6 747
25 7 728
25 8 402
25 9 402
25 10 664
25 11 650
25 12 364
25 13 652
25 14 583
25 15 519
25 16 97
25 17 116
25 18 39
25 19 163
25 20 342
25 21 513
25 22 512
25 23 339
25 24 158
25 25 0
25 26 32
25 27 161
25 28 341
25 29 513
25 30 443
25 31 484
25 32 509
25 33 337
25 34 657
25 35 610
25 36 316
25 37 332
25 38 811
25 39 785
25 40 749
25 41 622
25 42 635
25 43 685
25 44 703
25 45 775
25 46 748
25 47 765
25 48 831
25 49 883
25 50 889
25 51 826
25 52 811
25 53 874
25 54 888
25 55 946
25 56 1005
25 57 950
25 58 937
25 59 1153
25 60 1293
25 61 1293
25 62 1236
25 63 1246
25 64 1438
25 65 1570
25 66 1576
25 67 1577
25 68 1612
25 69 1543
25 70 1553
25 71 1649
25 72 1635
25 73 1607
25 74 1599
25 75 1638
25 76 1646
25 77 1673
25 78 1731
25 79 1703
25 80 1676
25 81 1669
25 82 1761
25 83 1795
25 84 1779
25 85 1874
25 86 1841
25 87 1953
25 88 1963
25 89 1953
25 90 1963
25 91 2160
25 92 2190
25 93 2145
25 94 2246
25 95 2259
25 96 2304
25 97 2334
25 98 2260
25 99 2269
25 100 2420
25 101 2449
25 102 2480
25 103 440
25 104 565
25 105 1139
26 1 870
26 2 847
26 3 634
26 4 821
26 5 753
26 6 767
26 7 747
26 8 434
26 9 433
26 10 680
26 11 664
26 12 385
26 13 663
26 14 593
26 15 529
26 16 128
26 17 141
26 18 71
26 19 173
26 20 347
26 21 517
26 22 514
26 23 341
26 24 161
26 25 32
26 26 0
26 27 158
26 28 339
26 29 512
26 30 437
26 31 476
26 32 499
26 33 321
26 34 648
26 35 598
26 36 284
26 37 301
26 38 791
26 39 763
26 40 723
26 41 590
26 42 603
26 43 653
26 44 672
26 45 747
26 46 716
26 47 733
26 48 803
26 49 856
26 50 859
26 51 795
26 52 779
26 53 842
26 54 857
26 55 917
26 56 975
26 57 919
26 58 905
26 59 1124
26 60 1265
26 61 1264
26 62 1204
26 63 1215
26 64 1407
26 65 1540
26 66 1546
26 67 1547
26 68 1581
26 69 1511
26 70 1521
26 71 1618
26 72 1603
26 73 1575
26 74 1567
26 75 1606
26 76 1614
26 77 1641
26 78 1701
26 79 1672
26 80 1645
26 81 1637
26 82 1730
26 83 1764
26 84 1748
26 85 1844
26 86 1809
26 87 1922
26 88 1933
26 89 1921
26 90 1931
26 91 2129
26 92 2159
26 93 2113
26 94 2215
26 95 2228
26 96 2274
26 97 2304
26 98 2228
26 99 2237
26 100 2389
26 101 2418
26 102 2449
26 103 446
26 104 537
26 105 1108
27 1 773
27 2 748
27 3 581
27 4 946
27 5 876
27 6 654
27 7 631
27 8 453
27 9 487
27 10 550
27 11 531
27 12 289
27 13 813
27 14 744
27 15 384
27 16 184
27 17 264
27 18 173
27 19 71
27 20 195
27 21 361
27 22 356
27 23 184
27 24 32
27 25 161
27 26 158
27 27 0
27 28 181
27 29 354
27 30 281
27 31 324
27 32 350
27 33 195
27 34 801
27 35 748
27 36 313
27 37 375
27 38 920
27 39 885
27 40 637
27 41 605
27 42 643
27 43 672
27 44 653
27 45 684
27 46 733
27 47 716
27 48 745
27 49 778
27 50 806
27 51 779
27 52 795
27 53 857
27 54 842
27 55 867
27 56 928
27 57 905
27 58 919
27 59 1068
27 60 1350
27 61 1342
27 62 1211
27 63 1235
27 64 1384
27 65 1610
27 66 1610
27 67 1508
27 68 1542
27 69 1517
27 70 1537
27 71 1575
27 72 1577
27 73 1567
27 74 1575
27 75 1614
27 76 1606
27 77 1616
27 78 1660
27 79 1647
27 80 1637
27 81 1645
27 82 1690
27 83 1727
27 84 1715
27 85 1806
27 86 1791
27 87 1979
27 88 1984
27 89 1926
27 90 1943
27 91 2091
27 92 2121
27 93 2098
27 94 2265
27 95 2273
27 96 2238
27 97 2269
27 98 2232
27 99 2248
27 100 2435
27 101 2385
27 102 2416
27 103 295
27 104 473
27 105 1078
28 1 691
28 2 662
28 3 570
28 4 1100
28 5 1030
28 6 554
28 7 526
28 8 535
28 9 596
28 10 425
28 11 400
28 12 266
28 13 988
28 14 919
28 15 240
28 16 339
28 17 433
28 18 346
28 19 194
28 20 71
28 21 187
28 22 178
28 23 32
28 24 184
28 25 341
28 26 339
28 27 181
28 28 0
28 29 173
28 30 110
28 31 162
28 32 195
28 33 159
28 34 978
28 35 923
28 36 423
28 37 508
28 38 1078
28 39 1037
28 40 578
28 41 669
28 42 729
28 43 736
28 44 678
28 45 653
28 46 792
28 47 739
28 48 716
28 49 722
28 50 779
28 51 800
28 52 850
28 53 908
28 54 861
28 55 842
28 56 905
28 57 923
28 58 966
28 59 1031
28 60 1462
28 61 1446
28 62 1245
28 63 1282
28 64 1379
28 65 1706
28 66 1698
28 67 1484
28 68 1516
28 69 1543
28 70 1575
28 71 1545
28 72 1567
28 73 1577
28 74 1603
28 75 1641
28 76 1616
28 77 1606
28 78 1631
28 79 1637
28 80 1647
28 81 1672
28 82 1662
28 83 1700
28 84 1696
28 85 1779
28 86 1788
28 87 2057
28 88 2056
28 89 1947
28 90 1974
28 91 2062
28 92 2093
28 93 2095
28 94 2333
28 95 2336
28 96 2211
28 97 2242
28 98 2250
28 99 2275
28 100 2499
28 101 2359
28 102 2391
28 103 140
28 104 459
28 105 1072
29 1 642
29 2 611
29 3 604
29 4 1251
29 5 1180
29 6 493
29 7 463
29 8 647
29 9 723
29 10 347
29 11 316
29 12 340
29 13 1155
29 14 1088
29 15 174
29 16 502
29 17 600
29 18 516
29 19 360
29 20 183
29 21 63
29 22 32
29 23 175
29 24 355
29 25 513
29 26 512
29 27 354
29 28 173
29 29 0
29 30 100
29 31 120
29 32 145
29 33 277
29 34 1150
29 35 1093
29 36 568
29 37 661
29 38 1238
29 39 1194
29 40 578
29 41 772
29 42 846
29 43 836
29 44 750
29 45 678
29 46 887
29 47 806
29 48 739
29 49 717
29 50 801
29 51 863
29 52 939
29 53 992
29 54 921
29 55 863
29 56 925
29 57 979
29 58 1047
29 59 1032
29 60 1587
29 61 1566
29 62 1307
29 63 1355
29 64 1405
29 65 1815
29 66 1802
29 67 1489
29 68 1520
29 69 1595
29 70 1637
29 71 1543
29 72 1584
29 73 1614
29 74 1656
29 75 1693
29 76 1652
29 77 1623
29 78 1630
29 79 1654
29 80 1683
29 81 1723
29 82 1661
29 83 1701
29 84 1703
29 85 1779
29 86 1809
29 87 2150
29 88 2145
29 89 1990
29 90 2025
29 91 2056
29 92 2087
29 93 2114
29 94 2417
29 95 2415
29 96 2206
29 97 2237
29 98 2289
29 99 2320
29 100 2578
29 101 2355
29 102 2387
29 103 123
29 104 517
29 105 1103
30 1 717
30 2 686
30 3 640
30 4 1210
30 5 1140
30 6 571
30 7 541
30 8 637
30 9 702
30 10 429
30 11 400
30 12 349
30 13 1094
30 14 1024
30 15 244
30 16 448
30 17 540
30 18 452
30 19 303
30 20 157
30 21 148
30 22 123
30 23 129
30 24 289
30 25 443
30 26 437
30 27 281
30 28 110
30 29 100
30 30 0
30 31 56
30 32 92
30 33 177
30 34 1063
30 35 1005
30 36 469
30 37 564
30 38 1141
30 39 1096
30 40 512
30 41 674
30 42 746
30 43 739
30 44 659
30 45 602
30 46 791
30 47 716
30 48 665
30 49 655
30 50 727
30 51 775
30 52 844
30 53 899
30 54 834
30 55 790
30 56 853
30 57 894
30 58 954
30 59 968
30 60 1487
30 61 1466
30 62 1220
30 63 1265
30 64 1331
30 65 1717
30 66 1705
30 67 1425
30 68 1456
30 69 1513
30 70 1551
30 71 1482
30 72 1515
30 73 1537
30 74 1573
30 75 1611
30 76 1575
30 77 1554
30 78 1569
30 79 1585
30 80 1606
30 81 1640
30 82 1600
30 83 1639
30 84 1638
30 85 1718
30 86 1738
30 87 2056
30 88 2051
30 89 1911
30 90 1943
30 91 1998
30 92 2029
30 93 2045
30 94 2325
30 95 2325
30 96 2147
30 97 2178
30 98 2211
30 99 2240
30 100 2487
30 101 2296
30 102 2328
30 103 158
30 104 428
30 105 1027
31 1 757
31 2 727
31 3 693
31 4 1260
31 5 1190
31 6 610
31 7 580
31 8 693
31 9 757
31 10 465
31 11 434
31 12 405
31 13 1136
31 14 1067
31 15 285
31 16 496
31 17 586
31 18 496
31 19 352
31 20 213
31 21 179
31 22 150
31 23 184
31 24 335
31 25 484
31 26 476
31 27 324
31 28 162
31 29 120
31 30 56
31 31 0
31 32 36
31 33 187
31 34 1090
31 35 1030
31 36 477
31 37 575
31 38 1154
31 39 1106
31 40 465
31 41 658
31 42 735
31 43 721
31 44 631
31 45 560
31 46 770
31 47 686
31 48 622
31 49 606
31 50 685
31 51 743
31 52 821
31 53 874
31 54 801
31 55 747
31 56 809
31 57 860
31 58 928
31 59 921
31 60 1477
31 61 1454
31 62 1187
31 63 1236
31 64 1289
31 65 1700
31 66 1686
31 67 1378
31 68 1409
31 69 1476
31 70 1517
31 71 1434
31 72 1470
31 73 1497
31 74 1537
31 75 1574
31 76 1535
31 77 1509
31 78 1521
31 79 1540
31 80 1565
31 81 1604
31 82 1552
31 83 1591
31 84 1591
31 85 1670
31 86 1695
31 87 2032
31 88 2026
31 89 1872
31 90 1906
31 91 1949
31 92 1980
31 93 2000
31 94 2297
31 95 2296
31 96 2098
31 97 2129
31 98 2171
31 99 2202
31 100 2458
31 101 2247
31 102 2279
31 103 207
31 104 398
31 105 986
32 1 787
32 2 756
32 3 728
32 4 1291
32 5 1220
32 6 639
32 7 608
32 8 728
32 9 791
32 10 492
32 11 461
32 12 441
32 13 1161
32 14 1091
32 15 315
32 16 526
32 17 613
32 18 523
32 19 383
32 20 249
32 21 207
32 22 177
32 23 218
32 24 363
32 25 509
32 26 499
32 27 350
32 28 195
32 29 145
32 30 92
32 31 36
32 32 0
32 33 198
32 34 1104
32 35 1043
32 36 481
32 37 581
32 38 1158
32 39 1109
32 40 434
32 41 646
32 42 726
32 43 708
32 44 611
32 45 532
32 46 755
32 47 666
32 48 594
32 49 574
32 50 656
32 51 721
32 52 805
32 53 856
32 54 778
32 55 718
32 56 780
32 57 836
32 58 909
32 59 889
32 60 1468
32 61 1443
32 62 1164
32 63 1214
32 64 1260
32 65 1686
32 66 1670
32 67 1346
32 68 1377
32 69 1451
32 70 1494
32 71 1401
32 72 1440
32 73 1469
32 74 1512
32 75 1549
32 76 1507
32 77 1479
32 78 1488
32 79 1510
32 80 1537
32 81 1578
32 82 1519
32 83 1559
32 84 1560
32 85 1637
32 86 1665
32 87 2014
32 88 2007
32 89 1845
32 90 1880
32 91 1916
32 92 1947
32 93 1970
32 94 2277
32 95 2275
32 96 2066
32 97 2097
32 98 2143
32 99 2175
32 100 2437
32 101 2214
32 102 2246
32 103 242
32 104 377
32 105 957
33 1 849
33 2 820
33 3 716
33 4 1136
33 5 1066
33 6 712
33 7 684
33 8 637
33 9 679
33 10 580
33 11 553
33 12 409
33 13 982
33 14 911
33 15 393
33 16 378
33 17 450
33 18 359
33 19 254
33 20 227
33 21 317
33 22 296
33 23 189
33 24 221
33 25 337
33 26 321
33 27 195
33 28 159
33 29 277
33 30 177
33 31 187
33 32 198
33 33 0
33 34 907
33 35 845
33 36 292
33 37 389
33 38 967
33 39 921
33 40 449
33 41 512
33 42 577
33 43 579
33 44 520
33 45 510
33 46 634
33 47 581
33 48 572
33 49 593
33 50 635
33 51 642
33 52 691
33 53 749
33 54 704
33 55 697
33 56 760
33 57 766
33 58 808
33 59 893
33 60 1315
33 61 1296
33 62 1087
33 63 1123
33 64 1229
33 65 1552
33 66 1543
33 67 1341
33 68 1374
33 69 1387
33 70 1417
33 71 1405
33 72 1419
33 73 1424
33 74 1446
33 75 1484
33 76 1462
33 77 1458
33 78 1491
33 79 1489
33 80 1493
33 81 1515
33 82 1521
33 83 1559
33 84 1551
33 85 1638
33 86 1638
33 87 1900
33 88 1898
33 89 1791
33 90 1816
33 91 1922
33 92 1952
33 93 1945
33 94 2175
33 95 2178
33 96 2070
33 97 2101
33 98 2095
33 99 2118
33 100 2340
33 101 2218
33 102 2249
33 103 293
33 104 307
33 105 922
34 1 1461
34 2 1444
34 3 1175
34 4 717
34 5 688
34 6 1384
34 7 1369
34 8 891
34 9 815
34 10 1317
34 11 1305
34 12 1008
34 13 410
34 14 383
34 15 1176
34 16 715
34 17 621
34 18 671
34 19 820
34 20 994
34 21 1162
34 22 1155
34 23 984
34 24 809
34 25 657
34 26 648
34 27 801
34 28 978
34 29 1150
34 30 1063
34 31 1090
34 32 1104
34 33 907
34 34 0
34 35 70
34 36 654
34 37 555
34 38 307
34 39 344
34 40 1138
34 41 765
34 42 685
34 43 781
34 44 912
34 45 1092
34 46 820
34 47 946
34 48 1121
34 49 1222
34 50 1152
34 51 983
34 52 863
34 53 908
34 54 1022
34 55 1186
34 56 1222
34 57 1064
34 58 954
34 59 1375
34 60 921
34 61 955
34 62 1210
34 63 1166
34 64 1501
34 65 1228
34 66 1262
34 67 1684
34 68 1718
34 69 1479
34 70 1444
34 71 1766
34 72 1687
34 73 1590
34 74 1519
34 75 1555
34 76 1625
34 77 1719
34 78 1834
34 79 1745
34 80 1652
34 81 1583
34 82 1858
34 83 1881
34 84 1844
34 85 1953
34 86 1844
34 87 1638
34 88 1670
34 89 1856
34 90 1831
34 91 2222
34 92 2248
34 93 2117
34 94 1945
34 95 1977
34 96 2350
34 97 2376
34 98 2147
34 99 2126
34 100 2126
34 101 2479
34 102 2507
34 103 1094
34 104 947
34 105 1270
35 1 1428
35 2 1410
35 3 1148
35 4 751
35 5 716
35 6 1345
35 7 1329
35 8 869
35 9 799
35 10 1273
35 11 1260
35 12 966
35 13 445
35 14 409
35 15 1127
35 16 674
35 17 583
35 18 627
35 19 771
35 20 942
35 21 1108
35 22 1100
35 23 931
35 24 757
35 25 610
35 26 598
35 27 748
35 28 923
35 29 1093
35 30 1005
35 31 1030
35 32 1043
35 33 845
35 34 70
35 35 0
35 36 587
35 37 487
35 38 283
35 39 307
35 40 1069
35 41 695
35 42 617
35 43 712
35 44 842
35 45 1022
35 46 753
35 47 876
35 48 1051
35 49 1152
35 50 1082
35 51 914
35 52 796
35 53 842
35 54 954
35 55 1117
35 56 1153
35 57 997
35 58 890
35 59 1306
35 60 892
35 61 922
35 62 1151
35 63 1110
35 64 1439
35 65 1199
35 66 1229
35 67 1620
35 68 1654
35 69 1424
35 70 1393
35 71 1702
35 72 1626
35 73 1533
35 74 1466
35 75 1502
35 76 1568
35 77 1658
35 78 1771
35 79 1684
35 80 1595
35 81 1531
35 82 1795
35 83 1819
35 84 1783
35 85 1891
35 86 1786
35 87 1608
35 88 1638
35 89 1806
35 90 1783
35 91 2162
35 92 2189
35 93 2062
35 94 1915
35 95 1945
35 96 2291
35 97 2318
35 98 2099
35 99 2080
35 100 2096
35 101 2421
35 102 2450
35 103 1042
35 104 878
35 105 1204
36 1 1084
36 2 1058
36 3 889
36 4 1043
36 5 979
36 6 960
36 7 935
36 8 716
36 9 716
36 10 844
36 11 820
36 12 602
36 13 824
36 14 755
36 15 663
36 16 409
36 17 414
36 18 355
36 19 379
36 20 475
36 21 603
36 22 585
36 23 445
36 24 342
36 25 316
36 26 284
36 27 313
36 28 423
36 29 568
36 30 469
36 31 477
36 32 481
36 33 292
36 34 654
36 35 587
36 36 0
36 37 102
36 38 678
36 39 629
36 40 511
36 41 307
36 42 331
36 43 371
36 44 394
36 45 502
36 46 434
36 47 453
36 48 550
36 49 624
36 50 601
36 51 514
36 52 497
36 53 560
36 54 575
36 55 654
36 56 708
36 57 636
36 58 622
36 59 861
36 60 1043
36 61 1032
36 62 921
36 63 935
36 64 1125
36 65 1298
36 66 1296
36 67 1270
36 68 1305
36 69 1228
36 70 1240
36 71 1344
36 72 1322
36 73 1291
36 74 1284
36 75 1323
36 76 1330
36 77 1360
36 78 1425
36 79 1390
36 80 1361
36 81 1354
36 82 1454
36 83 1487
36 84 1468
36 85 1566
36 86 1526
36 87 1666
36 88 1672
36 89 1638
36 90 1649
36 91 1851
36 92 1881
36 93 1830
36 94 1953
36 95 1963
36 96 1995
36 97 2024
36 98 1945
36 99 1956
36 100 2125
36 101 2138
36 102 2169
36 103 563
36 104 312
36 105 830
37 1 1147
37 2 1121
37 3 931
37 4 990
37 5 929
37 6 1029
37 7 1006
37 8 731
37 9 717
37 10 920
37 11 898
37 12 659
37 13 753
37 14 685
37 15 744
37 16 429
37 17 409
37 18 370
37 19 432
37 20 553
37 21 692
37 22 677
37 23 527
37 24 400
37 25 332
37 26 301
37 27 375
37 28 508
37 29 661
37 30 564
37 31 575
37 32 581
37 33 389
37 34 555
37 35 487
37 36 102
37 37 0
37 38 579
37 39 532
37 40 595
37 41 316
37 42 307
37 43 370
37 44 432
37 45 571
37 46 432
37 47 486
37 48 612
37 49 697
37 50 658
37 51 542
37 52 494
37 53 556
37 54 599
37 55 706
37 56 756
37 57 658
37 58 619
37 59 911
37 60 977
37 61 971
37 62 919
37 63 921
37 64 1146
37 65 1243
37 66 1247
37 67 1301
37 68 1335
37 69 1224
37 70 1228
37 71 1377
37 72 1342
37 73 1298
37 74 1278
37 75 1317
37 76 1336
37 77 1380
37 78 1456
37 79 1409
37 80 1367
37 81 1348
37 82 1484
37 83 1515
37 84 1493
37 85 1593
37 86 1539
37 87 1622
37 88 1632
37 89 1633
37 90 1638
37 91 1877
37 92 1906
37 93 1839
37 94 1914
37 95 1927
37 96 2018
37 97 2047
37 98 1940
37 99 1945
37 100 2088
37 101 2159
37 102 2190
37 103 646
37 104 398
37 105 860
38 1 1655
38 2 1634
38 3 1391
38 4 1024
38 5 994
38 6 1557
38 7 1538
38 8 1125
38 9 1064
38 10 1468
38 11 1450
38 12 1175
38 13 717
38 14 688
